<?xml version="1.0" encoding="UTF-8" standalone="no"?>
<!DOCTYPE svg PUBLIC "-//W3C//DTD SVG 20010904//EN"
              "http://www.w3.org/TR/2001/REC-SVG-20010904/DTD/svg10.dtd">

<svg xmlns="http://www.w3.org/2000/svg"
     width="0.266667in" height="0.266667in"
     viewBox="0 0 24 24">
  <path id="Imported Path"
        fill="none" stroke="black" stroke-width="1"
        d="M 12.00,23.25
           C 18.21,23.25 23.25,18.21 23.25,12.00
             23.25,11.79 23.08,11.62 22.88,11.62
             22.88,11.62 19.88,11.62 19.88,11.62
             19.88,11.62 19.88,9.97 19.88,9.97
             20.16,10.07 20.47,10.13 20.79,10.13
             20.79,10.13 20.79,10.13 20.79,10.13
             22.15,10.12 23.25,9.14 23.25,7.93
             23.25,7.46 23.08,7.02 22.80,6.67
             22.96,6.41 23.05,6.10 23.05,5.77
             23.05,5.77 23.05,5.77 23.05,5.77
             23.05,4.97 22.52,4.27 21.71,3.98
             21.36,3.17 20.48,2.62 19.50,2.62
             18.52,2.62 17.64,3.17 17.29,3.98
             16.83,4.14 16.45,4.45 16.20,4.86
             15.85,4.41 15.26,4.12 14.62,4.12
             13.84,4.12 13.14,4.56 12.85,5.20
             12.20,5.44 11.78,6.01 11.78,6.65
             11.78,6.65 11.78,6.65 11.78,6.66
             11.78,6.91 11.84,7.14 11.96,7.35
             11.75,7.62 11.63,7.97 11.63,8.34
             11.62,9.32 12.52,10.13 13.62,10.13
             13.62,10.13 13.62,10.13 13.62,10.13
             13.84,10.13 14.05,10.09 14.25,10.04
             14.25,10.04 14.25,11.62 14.25,11.62
             14.25,11.62 12.57,11.62 12.57,11.62
             12.57,11.62 10.24,8.41 10.24,8.41
             10.00,8.08 9.62,7.88 9.19,7.88
             8.79,7.88 8.43,8.05 8.19,8.33
             8.19,8.33 7.12,6.92 7.12,6.92
             6.86,6.59 6.45,6.38 6.00,6.38
             5.55,6.38 5.14,6.59 4.88,6.92
             4.88,6.92 1.31,11.62 1.31,11.62
             1.31,11.62 1.12,11.62 1.12,11.62
             0.92,11.62 0.75,11.79 0.75,12.00
             0.75,18.21 5.79,23.25 12.00,23.25
             12.00,23.25 12.00,23.25 12.00,23.25 Z
           M 15.76,17.01
           C 15.47,15.72 14.70,14.73 13.65,14.28
             12.14,13.63 11.42,12.86 11.10,12.37
             11.10,12.37 17.56,12.37 17.56,12.37
             17.75,12.44 18.47,12.74 18.83,13.44
             19.11,14.02 19.10,14.76 18.77,15.62
             18.11,17.40 18.12,18.65 18.83,19.98
             17.63,21.01 16.19,21.78 14.61,22.18
             15.71,20.54 16.14,18.66 15.76,17.01
             15.76,17.01 15.76,17.01 15.76,17.01 Z
           M 19.42,19.42
           C 19.41,19.39 19.37,18.84 18.21,19.01
             15.95,19.09 14.64,19.41 17.14,19.42
             15.11,16.63 14.64,16.63 14.64,16.63
             15.19,17.19 15.95,17.54 16.80,17.54
             18.47,17.54 19.83,16.18 19.83,14.50
             19.83,13.67 19.49,12.92 18.95,12.38
             18.95,12.38 22.49,12.38 22.49,12.38
             22.40,15.13 21.25,17.61 19.42,19.42
             19.42,19.42 19.42,19.42 19.42,19.42 Z
           M 16.94,6.97
           C 17.01,6.90 17.05,6.81 17.05,6.70
             17.05,6.61 17.02,6.52 16.96,6.46
             16.80,6.27 16.70,6.03 16.70,5.77
             16.70,5.25 17.09,4.80 17.68,4.64
             17.80,4.61 17.90,4.51 17.94,4.39
             18.13,3.79 18.77,3.38 19.50,3.38
             20.23,3.38 20.87,3.79 21.06,4.39
             21.10,4.51 21.20,4.61 21.32,4.64
             21.91,4.80 22.30,5.25 22.30,5.77
             22.30,6.03 22.20,6.27 22.04,6.46
             21.98,6.52 21.95,6.61 21.95,6.70
             21.95,6.81 21.99,6.90 22.06,6.97
             22.33,7.21 22.49,7.55 22.50,7.93
             22.50,8.73 21.73,9.38 20.79,9.38
             20.79,9.38 20.78,9.38 20.78,9.38
             20.45,9.38 20.14,9.29 19.87,9.15
             19.87,9.15 19.88,8.45 19.88,8.45
             19.88,8.45 20.83,7.81 20.83,7.81
             20.93,7.74 21.00,7.63 21.00,7.50
             21.00,7.29 20.83,7.13 20.62,7.13
             20.55,7.13 20.48,7.15 20.42,7.19
             20.42,7.19 19.88,7.55 19.88,7.55
             19.88,7.55 19.88,6.75 19.88,6.75
             19.88,6.54 19.71,6.38 19.50,6.38
             19.29,6.38 19.12,6.54 19.12,6.75
             19.12,6.75 19.12,7.55 19.12,7.55
             19.12,7.55 18.58,7.19 18.58,7.19
             18.52,7.15 18.45,7.12 18.37,7.12
             18.17,7.12 18.00,7.29 18.00,7.50
             18.00,7.63 18.07,7.74 18.17,7.81
             18.17,7.81 19.12,8.45 19.12,8.45
             19.12,8.45 19.12,9.15 19.12,9.15
             18.86,9.29 18.55,9.38 18.22,9.38
             18.22,9.38 18.21,9.38 18.21,9.38
             17.27,9.38 16.50,8.73 16.50,7.93
             16.51,7.55 16.67,7.21 16.94,6.97
             16.94,6.97 16.94,6.97 16.94,6.97 Z
           M 13.62,9.38
           C 12.93,9.38 12.38,8.91 12.38,8.34
             12.38,8.06 12.50,7.82 12.69,7.65
             12.76,7.58 12.80,7.49 12.80,7.38
             12.80,7.29 12.77,7.20 12.71,7.13
             12.60,7.01 12.53,6.84 12.53,6.65
             12.53,6.29 12.81,5.97 13.23,5.86
             13.36,5.83 13.45,5.73 13.49,5.61
             13.62,5.18 14.09,4.88 14.62,4.88
             15.16,4.88 15.63,5.18 15.76,5.61
             15.79,5.71 15.86,5.79 15.95,5.83
             15.96,6.14 16.05,6.42 16.20,6.67
             15.92,7.01 15.75,7.45 15.75,7.93
             15.75,8.43 15.93,8.89 16.24,9.24
             16.05,9.33 15.85,9.38 15.63,9.38
             15.63,9.38 15.63,9.38 15.63,9.38
             15.63,9.38 15.62,9.38 15.62,9.38
             15.40,9.38 15.19,9.32 15.00,9.23
             15.00,9.23 15.00,7.50 15.00,7.50
             15.00,7.29 14.83,7.12 14.62,7.12
             14.42,7.12 14.25,7.29 14.25,7.50
             14.25,7.50 14.25,8.02 14.25,8.02
             14.25,8.02 14.04,7.91 14.04,7.91
             13.99,7.89 13.94,7.88 13.88,7.88
             13.67,7.88 13.50,8.04 13.50,8.25
             13.50,8.40 13.59,8.52 13.71,8.59
             13.71,8.59 14.25,8.86 14.25,8.86
             14.25,8.86 14.25,9.23 14.25,9.23
             14.06,9.32 13.85,9.38 13.63,9.38
             13.63,9.38 13.62,9.38 13.62,9.38
             13.62,9.38 13.62,9.38 13.62,9.38 Z
           M 15.00,10.03
           C 15.20,10.09 15.41,10.13 15.63,10.13
             15.63,10.13 15.63,10.13 15.63,10.13
             15.63,10.13 15.63,10.13 15.64,10.13
             16.08,10.13 16.50,9.99 16.84,9.76
             17.24,9.99 17.70,10.13 18.20,10.13
             18.20,10.13 18.21,10.13 18.21,10.13
             18.21,10.13 18.21,10.13 18.21,10.13
             18.53,10.13 18.84,10.07 19.12,9.97
             19.12,9.97 19.12,11.62 19.12,11.62
             19.12,11.62 15.00,11.62 15.00,11.62
             15.00,11.62 15.00,10.03 15.00,10.03 Z
           M 9.19,8.62
           C 9.19,8.62 9.19,8.62 9.20,8.62
             9.37,8.62 9.53,8.71 9.63,8.85
             9.63,8.85 11.64,11.62 11.64,11.62
             11.64,11.62 6.73,11.62 6.73,11.62
             6.73,11.62 8.75,8.85 8.75,8.85
             8.84,8.71 9.00,8.62 9.18,8.62
             9.18,8.62 9.18,8.62 9.19,8.62
             9.19,8.62 9.19,8.62 9.19,8.62 Z
           M 5.48,7.37
           C 5.60,7.22 5.79,7.13 6.00,7.13
             6.21,7.13 6.40,7.22 6.52,7.37
             6.52,7.37 7.73,8.97 7.73,8.97
             7.73,8.97 5.81,11.62 5.81,11.62
             5.81,11.62 2.25,11.62 2.25,11.62
             2.25,11.62 5.48,7.37 5.48,7.37 Z
           M 10.24,12.38
           C 10.49,12.90 11.24,14.07 13.35,14.97
             14.18,15.32 14.79,16.13 15.03,17.18
             15.42,18.85 14.84,20.79 13.50,22.39
             13.01,22.46 12.51,22.50 12.00,22.50
             12.00,22.50 12.00,22.50 12.00,22.50
             6.33,22.50 1.71,18.00 1.51,12.38
             1.51,12.38 10.24,12.38 10.24,12.38 Z
           M 9.38,4.76
           C 9.20,4.61 8.95,4.50 8.62,4.50
             8.42,4.50 8.25,4.67 8.25,4.88
             8.25,5.08 8.42,5.25 8.62,5.25
             8.83,5.25 8.90,5.33 8.94,5.40
             8.97,5.47 8.99,5.55 9.00,5.62
             9.00,5.63 9.00,5.63 9.00,5.63
             9.00,5.83 9.17,6.00 9.37,6.00
             9.58,6.00 9.75,5.84 9.75,5.63
             9.75,5.55 9.78,5.47 9.81,5.40
             9.77,5.33 9.92,5.25 10.12,5.25
             10.33,5.25 10.50,5.08 10.50,4.88
             10.50,4.67 10.33,4.50 10.12,4.50
             9.80,4.50 9.55,4.61 9.38,4.76 Z
           M 11.25,2.25
           C 11.45,2.25 11.52,2.33 11.56,2.40
             11.60,2.47 11.62,2.55 11.62,2.62
             11.62,2.63 11.62,2.63 11.62,2.63
             11.62,2.83 11.79,3.00 12.00,3.00
             12.21,3.00 12.37,2.84 12.37,2.63
             12.38,2.55 12.40,2.47 12.44,2.40
             12.48,2.33 12.55,2.25 12.75,2.25
             12.96,2.25 13.12,2.08 13.12,1.88
             13.12,1.67 12.96,1.50 12.75,1.50
             12.42,1.50 12.18,1.61 12.00,1.76
             11.82,1.61 11.58,1.50 11.25,1.50
             11.04,1.50 10.88,1.67 10.88,1.88
             10.88,2.08 11.04,2.25 11.25,2.25
             11.25,2.25 11.25,2.25 11.25,2.25 Z
           M 2.25,4.88
           C 2.25,4.88 2.25,4.88 2.25,4.88
             2.43,4.88 2.60,4.84 2.76,4.79
             3.14,5.08 3.61,5.25 4.12,5.25
             4.64,5.25 5.11,5.08 5.49,4.79
             5.65,4.84 5.82,4.87 6.00,4.87
             6.83,4.87 7.50,4.20 7.50,3.37
             7.50,2.57 6.87,1.92 6.08,1.88
             5.69,1.20 4.96,0.75 4.13,0.75
             3.29,0.75 2.56,1.20 2.18,1.88
             1.37,1.90 0.73,2.56 0.73,3.38
             0.73,4.20 1.40,4.88 2.23,4.88
             2.24,4.88 2.24,4.88 2.25,4.88
             2.25,4.88 2.25,4.88 2.25,4.88 Z
           M 2.25,2.62
           C 2.32,2.73 2.36,2.86 2.36,3.00
             2.36,3.00 2.36,3.00 2.36,3.00
             2.36,3.00 2.13,4.50 2.13,4.50
             2.13,4.50 2.13,4.88 2.13,4.88
             2.13,4.88 2.36,4.88 2.36,4.88
             2.15,4.55 2.04,4.16 2.04,3.75
             2.04,2.57 3.00,1.61 4.18,1.61
             4.95,1.61 5.62,2.01 6.00,2.62
             6.00,2.62 6.00,2.62 6.00,2.62
             6.41,2.62 6.75,2.96 6.75,3.37
             6.75,3.79 6.41,4.12 6.00,4.12
             6.00,4.13 6.00,4.13 6.00,4.13
             5.86,4.13 5.73,4.09 5.62,4.02
             5.57,3.99 5.50,3.97 5.43,3.97
             5.33,3.97 5.24,4.01 5.17,4.08
             4.90,4.34 4.53,4.50 4.12,4.50
             3.72,4.50 3.35,4.34 3.08,4.08
             3.01,4.01 2.92,3.97 2.82,3.97
             2.75,3.97 2.68,3.99 2.63,4.02
             2.52,4.09 2.39,4.13 2.25,4.13
             2.25,4.13 2.25,4.13 2.25,4.13
             2.25,4.13 2.25,4.13 2.25,4.13
             1.84,4.13 1.50,3.79 1.50,3.38
             1.50,2.96 1.84,2.63 2.25,2.63
             2.25,2.63 2.25,2.62 2.25,2.62 Z" />
</svg>
