<?xml version="1.0" encoding="UTF-8" standalone="no"?>
<!DOCTYPE svg PUBLIC "-//W3C//DTD SVG 20010904//EN"
              "http://www.w3.org/TR/2001/REC-SVG-20010904/DTD/svg10.dtd">

<svg xmlns="http://www.w3.org/2000/svg"
     width="0.266667in" height="0.266667in"
     viewBox="0 0 24 24">
  <path id="Imported Path"
        fill="none" stroke="black" stroke-width="1"
        d="M 20.51,20.13
           C 20.51,20.13 16.88,22.23 16.88,22.23
             16.88,22.23 14.07,17.37 14.07,17.37
             14.07,17.37 17.70,15.27 17.70,15.27
             17.70,15.27 20.51,20.13 20.51,20.13 Z
           M 20.91,20.81
           C 20.91,20.81 17.23,22.94 17.23,22.94
             17.82,23.97 19.11,24.29 20.14,23.71
             21.11,23.13 21.49,21.84 20.91,20.81 Z
           M 18.65,4.23
           C 16.33,0.17 11.11,-1.19 7.04,1.13
             6.72,1.33 6.40,1.52 6.07,1.78
             6.14,1.78 6.14,1.78 6.20,1.84
             6.59,2.04 7.04,2.23 7.56,2.49
             7.62,2.42 7.69,2.42 7.75,2.36
             11.11,0.42 15.49,1.58 17.43,4.94
             19.36,8.29 18.20,12.68 14.85,14.62
             11.49,16.55 7.11,15.39 5.17,12.04
             4.46,10.81 4.14,9.46 4.20,8.17
             3.75,7.07 3.62,5.84 3.82,4.55
             2.46,7.07 2.46,10.17 3.94,12.75
             6.27,16.81 11.49,18.17 15.56,15.84
             19.62,13.46 21.04,8.29 18.65,4.23 Z
           M 9.82,12.16
           C 10.07,12.29 7.30,9.20 7.30,6.16
             7.88,8.75 10.78,11.33 11.30,12.75
             13.24,5.45 7.75,3.52 5.23,2.29
             3.11,8.29 6.91,10.81 9.82,12.16 Z
           M 12.78,12.23
           C 14.65,12.42 17.36,12.23 18.07,8.49
             16.40,8.42 13.04,7.78 11.88,12.10
             12.59,11.52 14.85,11.07 15.88,9.84
             14.98,11.45 12.65,12.23 12.78,12.23 Z" />
</svg>
