<?xml version="1.0" encoding="UTF-8" standalone="no"?>
<!DOCTYPE svg PUBLIC "-//W3C//DTD SVG 20010904//EN"
              "http://www.w3.org/TR/2001/REC-SVG-20010904/DTD/svg10.dtd">

<svg xmlns="http://www.w3.org/2000/svg"
     width="9.47778in" height="9.47778in"
     viewBox="0 0 853 853">
  <path id="Imported Path"
        fill="none" stroke="black" stroke-width="1"
        d="M 814.48,119.44
           C 802.92,83.11 787.24,57.09 786.58,56.00
             784.01,51.77 778.72,49.57 773.93,50.66
             772.40,19.86 781.12,-14.25 798.17,4.62
             821.18,-73.59 851.90,-88.41 886.99,-7.72
             916.22,-21.82 951.95,-13.07 991.42,-26.36
             970.58,-65.97 952.36,-88.82 937.01,-33.34
             923.21,-58.77 889.23,-87.62 853.71,-42.84
             842.02,-70.62 856.69,-61.02 868.50,-23.40
             892.44,10.67 915.98,19.83 932.15,19.83
             932.15,19.83 825.33,-0.98 825.33,-0.98
             825.33,-0.98 723.85,-139.27 723.85,-139.27
             733.84,-118.45 753.43,-136.25 755.04,-133.17
             817.05,-111.19 846.64,-86.00 766.64,-123.29
             793.29,-131.39 781.85,-141.13 733.95,-151.12
             666.84,-196.56 631.64,-203.45 680.22,-161.63
             563.83,-158.34 498.98,-121.73 631.89,-134.34
             551.24,-77.09 549.89,-75.83 627.57,-130.31
             622.55,-118.94 626.17,-114.22 632.30,-120.59
             655.00,-75.84 684.90,-38.12 649.93,-98.35
             686.13,-57.07 705.36,-41.43 644.46,-93.78
             633.69,-84.42 628.54,-79.39 616.99,-66.93
             568.47,-8.40 554.66,26.22 604.78,-36.33
             586.00,27.17 585.64,61.09 604.17,19.14
             619.66,128.11 650.71,173.86 634.51,63.83
             707.25,142.83 757.14,163.05 648.47,69.47
             671.26,53.43 657.29,47.76 630.39,62.15
             595.33,45.44 579.67,34.27 632.40,51.05
             639.05,0.00 612.49,-41.35 628.68,45.27
             636.08,16.77 642.71,3.20 635.53,31.28
             649.45,2.84 652.75,-10.77 639.04,16.82
             638.60,-9.78 627.63,-18.30 630.99,10.57
             612.40,1.08 603.11,-1.78 624.95,8.71
             612.08,4.76 609.63,2.72 619.92,4.50
             606.67,-15.28 600.06,-27.78 612.59,-9.37
             598.29,-36.43 591.16,-44.56 628.62,-47.40
             670.40,-119.08 702.64,-144.83 658.08,-27.35
             721.15,6.53 756.88,9.33 616.64,4.72
             561.79,77.77 580.95,117.12 639.01,50.67
             707.45,89.28 748.08,82.81 646.04,49.55
             660.35,47.27 667.31,46.40 648.66,49.22
             652.44,54.00 657.55,57.13 657.29,94.89
             665.73,168.14 657.03,133.04 656.79,169.07
             670.51,261.74 664.04,178.50 674.26,183.32
             703.70,197.57 681.43,183.32 689.23,181.59
             712.39,176.36 724.60,166.46 761.36,120.92
             827.89,24.22 756.46,89.42 753.22,68.61
             752.72,-0.48 760.29,53.08 777.38,38.71
             835.20,-9.53 781.41,56.84 783.44,75.71
             789.30,132.06 782.72,141.77 756.29,203.59
             681.87,377.67 703.46,255.22 629.22,280.72
             428.69,349.76 614.25,279.10 611.67,302.36
             609.10,325.65 692.06,311.21 773.34,283.29
             992.83,207.71 825.10,232.71 854.03,165.03
             935.50,-26.60 758.04,116.87 673.00,41.97
             442.98,57.44 661.96,68.97 652.40,75.37
             626.26,102.67 672.02,126.90 696.17,147.05
             768.09,195.43 763.76,214.62 846.15,201.09
             1078.15,173.15 1015.48,12.79 1130.50,-156.40
             1386.88,-238.36 1116.95,-310.13 1072.28,-358.51
             946.47,-406.90 1004.70,-426.08 922.30,-412.55
             690.30,-410.12 907.54,-433.22 903.67,-435.66
             899.85,-450.22 991.88,-429.58 1080.48,-377.56
             1329.97,-325.54 1153.15,-248.35 1201.19,-160.22
             1336.48,-141.79 1204.24,-123.34 1205.74,-105.02
             1210.29,-35.76 1205.74,31.62 1184.21,89.03
             1121.51,161.65 1132.14,209.65 1054.89,224.20
             837.35,234.86 990.25,226.61 925.40,200.98
             737.28,212.81 921.91,232.94 915.13,254.99
             893.83,301.03 892.11,333.20 861.39,348.01
             772.57,362.84 826.29,362.43 781.79,346.82
             653.11,346.82 826.29,346.82 826.29,346.82
             826.29,346.82 814.48,119.44 814.48,119.44 Z
           M 145.69,668.94
           C 154.41,685.46 162.66,701.08 171.24,708.25
             177.31,713.32 185.76,715.92 194.71,718.66
             217.63,725.70 220.29,729.16 218.09,738.21
             215.39,749.35 208.89,762.64 202.60,775.49
             190.49,800.25 179.05,823.62 189.89,840.51
             205.27,864.44 207.90,888.01 207.64,902.67
             137.79,839.75 109.35,740.37 135.37,650.04
             138.82,655.95 142.44,662.81 145.69,668.94
             145.69,668.94 145.69,668.94 145.69,668.94 Z
           M 713.04,438.72
           C 713.04,438.72 679.71,358.04 679.71,358.04
             695.93,342.89 714.74,331.49 730.77,323.46
             744.42,316.61 757.40,311.50 767.82,307.87
             767.82,307.87 713.04,438.72 713.04,438.72 Z
           M 844.22,186.11
           C 848.88,196.11 854.28,209.00 858.89,223.57
             863.94,239.55 868.59,259.37 869.51,280.04
             869.51,280.04 791.41,312.23 791.41,312.23
             791.41,312.23 844.22,186.11 844.22,186.11 Z
           M 651.21,395.40
           C 654.67,387.23 659.14,379.65 664.30,372.66
             664.30,372.66 702.24,464.49 702.24,464.49
             702.24,464.49 668.19,545.82 668.19,545.82
             663.41,535.68 657.78,522.36 653.00,507.24
             643.41,476.95 635.32,432.96 651.21,395.40
             651.21,395.40 651.21,395.40 651.21,395.40 Z
           M 726.33,538.19
           C 713.20,544.78 700.66,549.77 690.45,553.37
             690.45,553.37 725.78,468.99 725.78,468.99
             725.78,468.99 815.70,431.92 815.70,431.92
             814.40,441.99 811.91,451.96 807.86,461.53
             791.98,499.09 754.76,523.96 726.33,538.19
             726.33,538.19 726.33,538.19 726.33,538.19 Z
           M 303.49,531.53
           C 299.35,530.72 295.26,529.72 291.23,528.60
             291.23,528.60 421.01,433.56 421.01,433.56
             421.01,433.56 527.88,454.36 527.88,454.36
             488.95,485.01 394.21,549.28 303.49,531.53
             303.49,531.53 303.49,531.53 303.49,531.53 Z
           M 184.88,458.23
           C 157.13,428.34 136.78,396.39 125.10,375.93
             125.10,375.93 261.10,402.42 261.10,402.42
             261.10,402.42 184.88,458.23 184.88,458.23 Z
           M 285.11,246.11
           C 285.11,246.11 342.01,323.65 342.01,323.65
             342.01,323.65 205.14,296.99 205.14,296.99
             222.37,283.40 250.82,262.99 285.11,246.11
             285.11,246.11 285.11,246.11 285.11,246.11 Z
           M 375.94,330.26
           C 375.94,330.26 306.96,236.26 306.96,236.26
             327.61,227.78 349.78,221.11 372.50,218.14
             372.50,218.14 467.93,348.16 467.93,348.16
             467.93,348.16 375.94,330.26 375.94,330.26 Z
           M 460.63,370.61
           C 460.63,370.61 557.89,389.55 557.89,389.55
             557.89,389.55 433.06,480.95 433.06,480.95
             409.52,470.09 388.34,454.48 369.80,437.12
             369.80,437.12 460.63,370.61 460.63,370.61 Z
           M 688.00,665.89
           C 645.72,688.39 625.02,706.07 615.20,727.63
             604.65,750.78 608.52,775.62 613.87,810.02
             617.03,830.30 592.90,868.06 561.29,881.58
             549.59,886.59 541.26,886.00 536.52,879.82
             527.20,867.71 527.46,831.04 527.66,801.31
             486.34,725.36 511.35,710.40 521.60,795.93
             507.81,788.28 499.20,789.33 513.31,781.09
             515.42,759.03 516.58,738.03 520.18,710.93
             529.80,626.73 500.91,688.18 473.39,734.23
             391.94,778.37 379.22,738.47 470.80,742.41
             465.16,754.26 461.76,792.81 464.77,840.42
             437.10,980.87 409.99,891.30 495.20,930.36
             573.78,1039.03 630.99,1039.03 630.99,1039.03
             630.99,1039.03 688.00,665.89 688.00,665.89 Z
           M 630.99,1039.03" />
</svg>
